reelStrip1=2,2,6,6,5,5,8,8,9,9,4,4,2,2,3,3,5,5,4,4,6,6,8,8,3,3,2,2,9,9,8,8,10,1,2,2,3,3,8,8,9,9,7,7,3,3,5,5,6,6,4,4,8,8,9,9,4,4,2,2,3,3,5,5,4,4,6,6,8,8,3,3,2,2,9,9,8,8,10,1,7,7,5,5,9,9,7,7,2,2,8,8,9,9,2,2,4,4,7,7,3,3,9,9,10
reelStrip2=2,2,6,6,5,5,8,8,9,9,4,4,2,2,3,3,5,5,4,4,6,6,8,8,3,3,2,2,9,9,8,8,10,1,2,2,3,3,8,8,9,9,7,7,3,3,5,5,6,6,4,4,10,1,7,7,5,5,9,9,7,7,2,2,8,8,9,9,2,2,4,4,9,9,4,4,2,2,3,3,5,5,4,4,6,6,8,8,3,3,2,2,9,9,8,8,7,7,3,3,9,9,10
reelStrip3=2,2,6,6,5,5,8,8,9,9,4,4,2,2,3,3,5,5,9,9,4,4,2,2,3,3,5,5,4,4,6,6,8,8,3,3,2,2,9,9,8,8,4,4,6,6,8,8,3,3,2,2,9,9,8,8,10,1,2,2,3,3,8,8,9,9,7,7,3,3,5,5,6,6,4,4,10,1,7,7,5,5,9,9,7,7,2,2,8,8,9,9,2,2,4,4,7,7,3,3,9,9,10
reelStrip4=2,2,6,6,5,5,8,8,9,9,4,4,2,2,3,3,9,9,4,4,2,2,3,3,5,5,4,4,6,6,8,8,3,3,2,2,9,9,8,8,5,5,4,4,6,6,8,8,3,3,2,2,9,9,8,8,10,1,2,2,3,3,8,8,9,9,7,7,3,3,5,5,6,6,4,4,10,1,7,7,5,5,9,9,7,7,2,2,8,8,9,9,2,2,4,4,7,7,3,3,9,9,10
reelStrip5=2,2,6,6,5,5,8,8,9,9,4,4,2,2,3,3,5,5,4,4,6,6,8,8,3,3,2,2,9,9,8,8,10,1,2,2,3,3,8,8,9,9,7,7,3,3,5,5,6,6,4,4,10,1,7,7,5,5,9,9,7,7,2,2,8,8,9,9,2,2,4,4,7,7,9,9,4,4,2,2,3,3,5,5,4,4,6,6,8,8,3,3,2,2,9,9,8,8,3,3,9,9,10
reelStrip6=
reelStripBonus1=2,2,4,4,6,6,2,2,5,5,4,4,2,2,7,7,6,6,3,3,7,7,2,2,5,5,4,4,2,2,7,7,6,6,3,3,2,2,6,6,5,5,8,8,9,9,4,4,2,2,3,3,5,5,4,4,6,6,8,8,3,3,2,2,9,9,8,8,10,2,2,3,3,8,8,9,9,7,7,3,3,5,5,6,6,4,4,10,7,7,5,5,9,9,7,7,2,2,8,8,9,9,2,2,4,4,7,7,9,9,4,4,2,2,3,3,5,5,4,4,6,6,8,8,3,3,2,2,9,9,8,8,3,3,9,9,10,7,7,5,5,3,3,5,5,3,3,6,6,2,2,5,5,4,4,2,2,4,4,3,3,2,2,5,5,4,4,9,9,2,2,7,7,6,6,3,3,7,7,2,2,5,5,4,4,2,2,7,7,6,6,3,3,7,7,5,5,8,8,3,3,5,5,3,3,6,6,2,2,5,5,4,4,2,2,7,7,6,6,3,3,9,9,7,7,2,2,4,4,6,6,4,4,2,2,6,6,4,4,2,2,5,5,4,4,2,2,7,7,6,6,3,3,7,7,2,2,3,3,7,7,6,6,3,3,7,7,2,2,4,4,2,2,6,6,4,4,2,2,6,6,4,4,3,3,2,2,5,5,3,3,4,4,2,2,7,7,6,6,3,3,7,7,2,2,3
reelStripBonus2=2,2,4,4,6,6,2,2,5,5,4,4,2,2,7,7,6,6,3,3,7,7,2,2,5,5,4,4,2,2,7,7,6,6,3,3,2,2,6,6,5,5,8,8,9,9,4,4,2,2,3,3,5,5,4,4,6,6,8,8,3,3,2,2,9,9,8,8,10,2,2,3,3,8,8,9,9,7,7,3,3,5,5,6,6,4,4,10,7,7,5,5,9,9,7,7,2,2,8,8,9,9,2,2,4,4,7,7,9,9,4,4,2,2,3,3,5,5,4,4,6,6,8,8,3,3,2,2,9,9,8,8,3,3,9,9,10,7,7,5,5,3,3,5,5,3,3,6,6,2,2,5,5,4,4,2,2,4,4,3,3,2,2,5,5,4,4,9,9,2,2,7,7,6,6,3,3,7,7,2,2,5,5,4,4,2,2,7,7,6,6,3,3,7,7,5,5,8,8,3,3,5,5,3,3,6,6,2,2,5,5,4,4,2,2,7,7,6,6,3,3,9,9,7,7,2,2,4,4,6,6,4,4,2,2,6,6,4,4,2,2,5,5,4,4,2,2,7,7,6,6,3,3,7,7,2,2,3,3,7,7,6,6,3,3,7,7,2,2,4,4,2,2,6,6,4,4,2,2,6,6,4,4,3,3,2,2,5,5,3,3,4,4,2,2,7,7,6,6,3,3,7,7,2,2,3
reelStripBonus3=2,2,4,4,6,6,2,2,5,5,4,4,2,2,7,7,6,6,3,3,7,7,2,2,5,5,4,4,2,2,7,7,6,6,3,3,2,2,6,6,5,5,11,8,8,9,9,4,4,2,2,3,3,5,5,4,4,6,6,8,8,3,3,2,2,9,9,8,8,10,2,2,3,3,8,8,9,9,7,7,3,3,5,5,6,6,4,4,10,7,7,5,5,9,9,7,7,2,2,8,8,9,9,2,2,4,4,7,7,9,9,4,4,2,2,3,3,5,5,4,4,6,6,8,8,3,3,2,2,9,9,8,8,3,3,9,9,10,7,7,5,5,3,3,5,5,3,3,6,6,2,2,5,5,4,4,2,2,4,4,3,3,11,2,2,5,5,4,4,9,9,2,2,7,7,6,6,3,3,7,7,2,2,5,5,4,4,2,2,7,7,6,6,3,3,7,7,5,5,8,8,3,3,5,5,3,3,6,6,2,2,5,5,4,4,2,2,7,7,6,6,3,3,9,9,7,7,2,2,4,4,6,6,4,4,2,2,6,6,4,4,2,2,5,5,4,4,2,2,7,7,11,6,6,3,3,7,7,2,2,3,3,7,7,6,6,3,3,7,7,2,2,4,4,2,2,6,6,4,4,2,2,6,6,4,4,3,3,2,2,5,5,3,3,4,4,2,2,7,7,6,6,3,3,7,7,2,2,3
reelStripBonus4=2,2,4,4,6,6,2,2,5,5,4,4,2,2,7,7,6,6,3,3,7,7,2,2,5,5,4,4,2,2,7,7,6,6,3,3,2,2,6,6,5,5,8,8,9,9,4,4,2,2,3,3,5,5,4,4,6,6,8,8,3,3,2,2,9,9,8,8,10,2,2,3,3,8,8,9,9,7,7,3,3,5,5,6,6,4,4,10,7,7,5,5,9,9,7,7,2,2,8,8,9,9,2,2,4,4,7,7,9,9,4,4,2,2,3,3,5,5,4,4,6,6,8,8,3,3,2,2,9,9,8,8,3,3,9,9,10,7,7,5,5,3,3,5,5,3,3,6,6,2,2,5,5,4,4,2,2,4,4,3,3,2,2,5,5,4,4,9,9,2,2,7,7,6,6,3,3,7,7,2,2,5,5,4,4,2,2,7,7,6,6,3,3,7,7,5,5,8,8,3,3,5,5,3,3,6,6,2,2,5,5,4,4,2,2,7,7,6,6,3,3,9,9,7,7,2,2,4,4,6,6,4,4,2,2,6,6,4,4,2,2,5,5,4,4,2,2,7,7,6,6,3,3,7,7,2,2,3,3,7,7,6,6,3,3,7,7,2,2,4,4,2,2,6,6,4,4,2,2,6,6,4,4,3,3,2,2,5,5,3,3,4,4,2,2,7,7,6,6,3,3,7,7,2,2,3
reelStripBonus5=2,2,4,4,6,6,2,2,5,5,4,4,2,2,7,7,6,6,3,3,7,7,2,2,5,5,4,4,2,2,7,7,6,6,3,3,2,2,6,6,5,5,8,8,9,9,4,4,2,2,3,3,5,5,4,4,6,6,8,8,3,3,2,2,9,9,8,8,10,2,2,3,3,8,8,9,9,7,7,3,3,5,5,6,6,4,4,10,7,7,5,5,9,9,7,7,2,2,8,8,9,9,2,2,4,4,7,7,9,9,4,4,2,2,3,3,5,5,4,4,6,6,8,8,3,3,2,2,9,9,8,8,3,3,9,9,10,7,7,5,5,3,3,5,5,3,3,6,6,2,2,5,5,4,4,2,2,4,4,3,3,2,2,5,5,4,4,9,9,2,2,7,7,6,6,3,3,7,7,2,2,5,5,4,4,2,2,7,7,6,6,3,3,7,7,5,5,8,8,3,3,5,5,3,3,6,6,2,2,5,5,4,4,2,2,7,7,6,6,3,3,9,9,7,7,2,2,4,4,6,6,4,4,2,2,6,6,4,4,2,2,5,5,4,4,2,2,7,7,6,6,3,3,7,7,2,2,3,3,7,7,6,6,3,3,7,7,2,2,4,4,2,2,6,6,4,4,2,2,6,6,4,4,3,3,2,2,5,5,3,3,4,4,2,2,7,7,6,6,3,3,7,7,2,2,3
reelStripBonus6=