reelStrip1=8,1,4,0,5,2,6,1,5,7,3,5,1,4,2,9,5,6,8,2
reelStrip2=2,8,0,6,1,5,8,2,4,3,5,6,2,4,1,7,2,8,3,6
reelStrip3=4,0,5,1,8,3,6,4,8,1,9,3,2,5,1,7,0,3,6,2
reelStrip4=2,6,4,5,3,8,2,7,0,5,2,3,7,1,4,2,8,6,3,4,1
reelStrip5=6,1,7,3,5,0,2,4,8,1,5,9,2,4,8,7,5,0,3,4
reelStrip6=
reelStripBonus1=8,1,4,0,3,5,2,6,1,5,7,3,1,4,2,9,5,6,8,2
reelStripBonus2=2,8,0,6,1,5,8,2,4,3,5,2,4,1,7,2,8,3,6
reelStripBonus3=4,0,5,1,8,3,6,4,8,1,9,3,2,5,1,7,0,3,6,2
reelStripBonus4=1,6,4,5,3,8,2,1,7,0,5,2,3,7,1,4,8,6,3,4,2
reelStripBonus5=6,1,7,3,5,0,2,4,8,1,5,9,2,4,8,7,5,0,3,4
reelStripBonus6=