reelStrip1=8,11,12,5,10,9,7,10,10,9,6,3,2,12,5,9,12,11,10,11,11,11,2,2,11,10,12,4,12,8,11,10,8,10,10,6,8,9,3,5,12,3,9,12,2,12,9,7,8,6,11,10,12,8,9,9,3,8,11,11,5,7,8,12,11,9,4,11,11,12,3,9,11,10,8,10,12,7,8,4,2,11,8,11,10,8,12,8,3,3,9,8,2,2,7,10,7,12,8,12,11,11,3,7,7,12,3,12,9,11,10,11,2,11,7,3,11,7,10,12,5,11,11,10,12,6,7,3,12,11,9,8,3,7,12,11,8,2,12,10,12,3,12,10,11,4,4,11,10,11,11,11,8,12,10,12,12,2,9,7,11,9,6,6,6,6,2,12,12
reelStrip2=8,11,12,5,10,9,7,10,10,9,6,3,2,12,5,9,12,11,10,11,11,11,2,2,11,10,12,4,12,8,11,10,8,10,10,6,8,9,3,5,12,3,9,12,2,12,9,7,8,6,11,10,12,8,9,9,3,8,11,11,5,7,8,12,11,9,4,11,11,12,3,9,11,10,8,10,12,7,8,4,2,11,8,11,10,8,12,8,3,3,9,8,2,2,7,10,7,12,8,12,11,11,3,7,7,12,3,12,9,11,10,11,2,11,7,3,11,7,10,12,5,11,11,10,12,6,7,3,12,11,9,8,3,7,12,11,8,2,12,10,12,3,12,10,11,4,4,11,10,11,11,11,8,12,10,12,12,2,9,7,11,9,6,6,6,6,2,12,12
reelStrip3=8,11,12,5,10,9,7,10,10,9,6,3,2,12,5,9,12,11,10,11,11,11,2,2,11,10,12,4,12,8,11,10,8,10,10,6,8,9,3,5,12,3,9,12,2,12,9,7,8,6,11,10,12,8,9,9,3,8,11,11,5,7,8,12,11,9,4,11,11,12,3,9,11,10,8,10,12,7,8,4,2,11,8,11,10,8,12,8,3,3,9,8,2,2,7,10,7,12,8,12,11,11,3,7,7,12,3,12,9,11,10,11,2,11,7,3,11,7,10,12,5,11,11,10,12,6,7,3,12,11,9,8,3,7,12,11,8,2,12,10,12,3,12,10,11,4,4,11,10,11,11,11,8,12,10,12,12,2,9,7,11,9,6,6,6,6,2,12,12
reelStrip4=8,11,12,5,10,9,7,10,10,9,6,3,2,12,5,9,12,11,10,11,11,11,2,2,11,10,12,4,12,8,11,10,8,10,10,6,8,9,3,5,12,3,9,12,2,12,9,7,8,6,11,10,12,8,9,9,3,8,11,11,5,7,8,12,11,9,4,11,11,12,3,9,11,10,8,10,12,7,8,4,2,11,8,11,10,8,12,8,3,3,9,8,2,2,7,10,7,12,8,12,11,11,3,7,7,12,3,12,9,11,10,11,2,11,7,3,11,7,10,12,5,11,11,10,12,6,7,3,12,11,9,8,3,7,12,11,8,2,12,10,12,3,12,10,11,4,4,11,10,11,11,11,8,12,10,12,12,2,9,7,11,9,6,6,6,6,2,12,12
reelStrip5=8,11,12,5,10,9,7,10,10,9,6,3,2,12,5,9,12,11,10,11,11,11,2,2,11,10,12,4,12,8,11,10,8,10,10,6,8,9,3,5,12,3,9,12,2,12,9,7,8,6,11,10,12,8,9,9,3,8,11,11,5,7,8,12,11,9,4,11,11,12,3,9,11,10,8,10,12,7,8,4,2,11,8,11,10,8,12,8,3,3,9,8,2,2,7,10,7,12,8,12,11,11,3,7,7,12,3,12,9,11,10,11,2,11,7,3,11,7,10,12,5,11,11,10,12,6,7,3,12,11,9,8,3,7,12,11,8,2,12,10,12,3,12,10,11,4,4,11,10,11,11,11,8,12,10,12,12,2,9,7,11,9,6,6,6,6,2,12,12
reelStrip6=
reelStripBonus1=8,11,12,5,10,9,7,10,10,9,6,3,2,12,5,9,12,11,10,11,11,11,2,2,11,10,12,4,12,8,11,10,8,10,10,6,8,9,3,5,12,3,9,12,2,12,9,7,8,6,11,10,12,8,9,9,3,8,11,11,5,7,8,12,11,9,4,11,11,12,3,9,11,10,8,10,12,7,8,4,2,11,8,11,10,8,12,8,3,3,9,8,2,2,7,10,7,12,8,12,11,11,3,7,7,12,3,12,9,11,10,11,2,11,7,3,11,7,10,12,5,11,11,10,12,6,7,3,12,11,9,8,3,7,12,11,8,2,12,10,12,3,12,10,11,4,4,11,10,11,11,11,8,12,10,12,12,2,9,7,11,9,6,6,6,6,2,12,12
reelStripBonus2=8,11,12,5,10,9,7,10,10,9,6,3,2,12,5,9,12,11,10,11,11,11,2,2,11,10,12,4,12,8,11,10,8,10,10,6,8,9,3,5,12,3,9,12,2,12,9,7,8,6,11,10,12,8,9,9,3,8,11,11,5,7,8,12,11,9,4,11,11,12,3,9,11,10,8,10,12,7,8,4,2,11,8,11,10,8,12,8,3,3,9,8,2,2,7,10,7,12,8,12,11,11,3,7,7,12,3,12,9,11,10,11,2,11,7,3,11,7,10,12,5,11,11,10,12,6,7,3,12,11,9,8,3,7,12,11,8,2,12,10,12,3,12,10,11,4,4,11,10,11,11,11,8,12,10,12,12,2,9,7,11,9,6,6,6,6,2,12,12
reelStripBonus3=8,11,12,5,10,9,7,10,10,9,6,3,2,12,5,9,12,11,10,11,11,11,2,2,11,10,12,4,12,8,11,10,8,10,10,6,8,9,3,5,12,3,9,12,2,12,9,7,8,6,11,10,12,8,9,9,3,8,11,11,5,7,8,12,11,9,4,11,11,12,3,9,11,10,8,10,12,7,8,4,2,11,8,11,10,8,12,8,3,3,9,8,2,2,7,10,7,12,8,12,11,11,3,7,7,12,3,12,9,11,10,11,2,11,7,3,11,7,10,12,5,11,11,10,12,6,7,3,12,11,9,8,3,7,12,11,8,2,12,10,12,3,12,10,11,4,4,11,10,11,11,11,8,12,10,12,12,2,9,7,11,9,6,6,6,6,2,12,12
reelStripBonus4=8,11,12,5,10,9,7,10,10,9,6,3,2,12,5,9,12,11,10,11,11,11,2,2,11,10,12,4,12,8,11,10,8,10,10,6,8,9,3,5,12,3,9,12,2,12,9,7,8,6,11,10,12,8,9,9,3,8,11,11,5,7,8,12,11,9,4,11,11,12,3,9,11,10,8,10,12,7,8,4,2,11,8,11,10,8,12,8,3,3,9,8,2,2,7,10,7,12,8,12,11,11,3,7,7,12,3,12,9,11,10,11,2,11,7,3,11,7,10,12,5,11,11,10,12,6,7,3,12,11,9,8,3,7,12,11,8,2,12,10,12,3,12,10,11,4,4,11,10,11,11,11,8,12,10,12,12,2,9,7,11,9,6,6,6,6,2,12,12
reelStripBonus5=8,11,12,5,10,9,7,10,10,9,6,3,2,12,5,9,12,11,10,11,11,11,2,2,11,10,12,4,12,8,11,10,8,10,10,6,8,9,3,5,12,3,9,12,2,12,9,7,8,6,11,10,12,8,9,9,3,8,11,11,5,7,8,12,11,9,4,11,11,12,3,9,11,10,8,10,12,7,8,4,2,11,8,11,10,8,12,8,3,3,9,8,2,2,7,10,7,12,8,12,11,11,3,7,7,12,3,12,9,11,10,11,2,11,7,3,11,7,10,12,5,11,11,10,12,6,7,3,12,11,9,8,3,7,12,11,8,2,12,10,12,3,12,10,11,4,4,11,10,11,11,11,8,12,10,12,12,2,9,7,11,9,6,6,6,6,2,12,12
reelStripBonus6=