reelStrip1=2,4,1,3,2,5,4,2,7,6,3,8,7,2,5,4,2,7,6,3,8,7,5,3,1,5,8,3,6,1,9,2,10,5,4,2,7,6,3,8,7,2,8,4,2,6,8,4,2,6,4,1,2,5,1,4,2,7,6,3,8,7,2,3
reelStrip2=2,9,4,7,1,2,5,3,4,2,7,6,3,8,7,2,5,4,2,7,6,3,8,7,5,3,1,5,8,3,6,1,2,5,4,2,7,6,3,8,7,2,8,4,2,6,8,4,2,1,10,6,4,1,2,5,1,4,2,7,6,3,8,7,2,3
reelStrip3=2,4,7,1,2,5,4,2,7,6,3,8,7,2,10,5,4,2,7,6,3,8,7,5,3,1,5,8,3,6,1,2,5,4,2,7,6,3,8,10,7,2,8,4,2,6,8,4,2,6,4,1,2,5,4,2,7,6,3,8,7,2,3,9
reelStrip4=2,9,4,6,1,2,5,3,4,2,7,6,3,8,7,2,5,4,2,7,6,3,8,7,5,3,1,5,8,3,6,1,2,5,4,2,7,6,3,8,7,2,8,4,2,6,8,4,2,6,4,10,1,2,5,1,4,2,7,6,3,8,7,2,3
reelStrip5=2,4,6,1,2,5,4,2,7,6,3,8,7,2,5,4,2,7,6,3,8,7,5,3,1,5,8,3,10,6,1,2,5,4,2,7,6,3,8,7,2,8,4,2,6,8,4,2,6,4,1,2,5,3,4,2,7,6,3,8,7,9,2,3
reelStrip6=
reelStripBonus1=2,4,6,1,2,5,4,2,7,6,3,8,7,2,5,9,4,2,7,6,3,8,7,5,3,1,5,8,3,10,6,1,2,5,4,2,7,6,3,8,7,2,8,4,2,6,8,4,2,6,4,1,2,5,3,4,2,7,6,3,8,7,2,3
reelStripBonus2=2,4,6,1,2,5,4,2,7,6,3,8,7,2,5,4,2,7,6,3,8,7,5,3,1,5,8,3,10,6,1,2,5,4,2,7,6,3,8,7,2,8,4,2,6,8,4,2,6,4,1,9,2,5,3,4,2,7,6,3,8,7,2,3
reelStripBonus3=2,4,6,1,2,5,4,2,7,6,3,8,7,9,2,5,4,2,7,6,3,8,7,5,3,1,5,8,3,10,6,1,2,5,4,2,7,6,3,8,7,2,8,4,2,6,8,4,2,6,4,1,2,5,3,4,2,7,6,3,8,7,2,3
reelStripBonus4=2,4,6,1,2,5,4,2,7,6,3,8,7,2,5,4,2,7,6,3,8,7,5,3,1,5,8,3,10,6,1,2,5,4,2,7,6,3,8,7,2,9,8,4,2,6,8,4,2,6,4,1,2,5,3,4,2,7,6,3,8,7,2,3
reelStripBonus5=2,4,6,1,2,5,4,2,7,6,3,9,8,7,2,5,4,2,7,6,3,8,7,5,3,1,5,8,3,10,6,1,2,5,4,2,7,6,3,8,7,2,8,4,2,6,8,4,2,6,4,1,2,5,3,4,2,7,6,3,8,7,2,3
reelStripBonus6=