reelStrip1=9,1,8,4,10,9,7,6,8,7,5,7,10,11,11,8,6,10,8,3~1,8,10,11,4,6,5,3,7,5,11,8,9,10,7,9~7,9,9,10,11,11,4,8,4,6,1,10,5,9,6,10,3,8~7,8,11,9,4,6,10,8,3,7,1,10,9,4,5,6,10,5~8,8,7,5,9,10,6,4,3,1,11,10,1,4,7,6,10,3,8,9
reelStrip2=6,7,5,10,7,9,3,3,8,4,10,11,6,7,1~9,3,5,4,8,11,7,6,8,1,10,10~3,11,6,9,8,7,6,10,4,5,7,9,1~8,1,5,9,3,5,7,8,10,10,11,11,6,10,4~8,11,7,6,5,3,1,11,6,4,9,8,3,7,10,10
reelStrip3=8,7,9,9,10,4,1,4,6,3,7,10,5,11,11~9,11,1,8,10,6,11,4,3,4,7,10,5~10,7,6,10,6,1,5,3,11,4,7,9,11,8~6,8,7,9,11,5,10,10,3,8,1,4,10,11,6,9,5~1,6,9,7,3,10,6,9,11,11,8,7,8,4,5,10
reelStrip4=11,10,8,5,7,7,11,9,6,4,9,1,3~11,10,1,3,7,5,9,6,8,9,4,5~5,7,4,11,8,10,4,11,1,6,7,5,9,3,10~7,3,11,6,9,10,10,9,8,5,1,5,11,4~5,6,3,5,11,8,10,1,10,9,7,7,8,7,4
reelStrip5=4,11,7,10,9,7,6,3,10,8,1,5,11,8,8,6~7,8,3,6,1,11,10,11,5,6,10,4,5,7,9~9,7,4,3,6,8,11,1,8,7,10,6,4,7,10,5~7,4,11,10,10,9,7,6,5,3,11,5,1,8~10,8,6,5,11,7,5,6,9,8,8,7,1,10,4,3,10
reelStrip6=
reelStripBonus1=9,1,8,4,10,9,7,6,8,7,5,7,10,11,11,8,6,10,8,3~1,8,10,11,4,6,5,3,7,5,11,8,9,10,7,9~7,9,9,10,11,11,4,8,4,6,1,10,5,9,6,10,3,8~7,8,11,9,4,6,10,8,3,7,1,10,9,4,5,6,10,5~8,8,7,5,9,10,6,4,3,1,11,10,1,4,7,6,10,3,8,9
reelStripBonus2=6,7,5,10,7,9,3,3,8,4,10,11,6,7,1~9,3,5,4,8,11,7,6,8,1,10,10~3,11,6,9,8,7,6,10,4,5,7,9,1~8,1,5,9,3,5,7,8,10,10,11,11,6,10,4~8,11,7,6,5,3,1,11,6,4,9,8,3,7,10,10
reelStripBonus3=8,7,9,9,10,4,1,4,6,3,7,10,5,11,11~9,11,1,8,10,6,11,4,3,4,7,10,5~10,7,6,10,6,1,5,3,11,4,7,9,11,8~6,8,7,9,11,5,10,10,3,8,1,4,10,11,6,9,5~1,6,9,7,3,10,6,9,11,11,8,7,8,4,5,10
reelStripBonus4=11,10,8,5,7,7,11,9,6,4,9,1,3~11,10,1,3,7,5,9,6,8,9,4,5~5,7,4,11,8,10,4,11,1,6,7,5,9,3,10~7,3,11,6,9,10,10,9,8,5,1,5,11,4~5,6,3,5,11,8,10,1,10,9,7,7,8,7,4
reelStripBonus5=4,11,7,10,9,7,6,3,10,8,1,5,11,8,8,6~7,8,3,6,1,11,10,11,5,6,10,4,5,7,9~9,7,4,3,6,8,11,1,8,7,10,6,4,7,10,5~7,4,11,10,10,9,7,6,5,3,11,5,1,8~10,8,6,5,11,7,5,6,9,8,8,7,1,10,4,3,10
reelStripBonus6=